{
"DistanceMatrix" :
    [[0, 43,56,3,6,34],
    [43,0,34,523,23, 53],
    [56,34,0,23,43,52],
    [3,523,23,0,34,3423],
    [6,23,43,34,0,23],
    [34,53,52,3423,23,0]]
}